# TEMP	<E>	sigma_E	Cv	F(T)	S(T)
0.400000		-5.094150	1.951469	23.801455	10.355844	-38.624986
0.414000		-4.754765	2.056798	24.682129	10.890759	-37.791121
0.428000		-4.403066	2.163828	25.559840	11.413989	-36.955735
0.442000		-4.039108	2.272490	26.433779	11.925513	-36.119053
0.456000		-3.662921	2.382898	27.307457	12.425317	-35.281223
0.470000		-3.274487	2.495147	28.183607	12.913382	-34.442275
0.484000		-2.873775	2.609139	29.060550	13.389695	-33.602212
0.498000		-2.460821	2.724516	29.930921	13.854240	-32.761167
0.512000		-2.035795	2.840695	30.782885	14.307005	-31.919532
0.526000		-1.599049	2.957001	31.603225	14.747987	-31.078015
0.540000		-1.151103	3.072846	32.381292	15.177194	-30.237589
0.554000		-0.692591	3.187921	33.112769	15.594650	-29.399352
0.568000		-0.224143	3.302344	33.802434	16.000391	-28.564320
0.582000		0.253751	3.416769	34.465551	16.394469	-27.733192
0.596000		0.740888	3.532422	35.127940	16.776940	-26.906127
0.610000		1.237495	3.651098	35.825095	17.147857	-26.082562
0.624000		1.744356	3.775112	36.600797	17.507261	-25.261066
0.638000		2.262919	3.907226	37.505573	17.855166	-24.439259
0.652000		2.795374	4.050547	38.595103	18.191544	-23.613757
0.666000		3.344719	4.208382	39.928388	18.516313	-22.780172
0.680000		3.914786	4.384037	41.565261	18.829326	-21.933147
0.694000		4.510230	4.580542	43.562693	19.130350	-21.066455
0.708000		5.136453	4.800292	45.969396	19.419062	-20.173177
0.722000		5.799442	5.044633	48.818538	19.695040	-19.245982
0.736000		6.505483	5.313436	52.118897	19.957757	-18.277546
0.750000		7.260767	5.604743	55.845585	20.206588	-17.261094
0.764000		8.070847	5.914582	59.932354	20.440818	-16.191061
0.778000		8.940041	6.237025	64.268154	20.659670	-15.063790
0.792000		9.870812	6.564560	68.700645	20.862331	-13.878181
0.806000		10.863265	6.888745	73.048307	21.047995	-12.636141
0.820000		11.914877	7.201103	77.120589	21.215903	-11.342715
0.834000		13.020535	7.494070	80.742725	21.365388	-10.005819
0.848000		14.172933	7.761844	83.779573	21.495910	-8.635587
0.862000		15.363254	8.000937	86.152352	21.607082	-7.243420
0.876000		16.582011	8.210320	87.843966	21.698678	-5.840944
0.890000		17.819876	8.391157	88.892203	21.770631	-4.439050
0.904000		19.068345	8.546207	89.373755	21.823018	-3.047205
0.918000		20.320143	8.679073	89.384308	21.856036	-1.673086
0.932000		21.569359	8.793465	89.020135	21.869975	-0.322549
0.946000		22.811352	8.892650	88.364976	21.865197	1.000164
0.960000		24.042526	8.979141	87.483688	21.842114	2.292096
0.974000		25.260056	9.054639	86.422011	21.801172	3.551216
0.988000		26.461645	9.120184	85.210543	21.742840	4.776118
1.002000		27.645352	9.176405	83.870598	21.667605	5.965816
1.016000		28.809505	9.223803	82.420007	21.575965	7.119627
1.030000		29.952683	9.262989	80.877516	21.468425	8.237144
1.044000		31.073749	9.294840	79.265253	21.345495	9.318252
1.058000		32.171906	9.320571	77.609295	21.207683	10.363160
1.072000		33.246741	9.341714	75.938769	21.055492	11.372434
1.086000		34.298265	9.360040	74.284086	20.889417	12.347006
1.100000		35.326908	9.377451	72.674870	20.709932	13.288160
1.114000		36.333500	9.395852	71.138043	20.517497	14.197490
1.128000		37.319218	9.417031	69.696318	20.312542	15.076840
1.142000		38.285524	9.442567	68.367228	20.095476	15.928238
1.156000		39.234083	9.473749	67.162694	19.866672	16.753815
1.170000		40.166691	9.511534	66.089031	19.626479	17.555736
1.184000		41.085192	9.556524	65.147309	19.375212	18.336132
1.198000		41.991415	9.608970	64.333929	19.113158	19.097042
1.212000		42.887106	9.668794	63.641343	18.840577	19.840371
1.226000		43.773886	9.735615	63.058815	18.557702	20.567850
1.240000		44.653206	9.808799	62.573190	18.264744	21.281018
1.254000		45.526319	9.887504	62.169633	17.961894	21.981200
1.268000		46.394265	9.970731	61.832308	17.649326	22.669510
1.282000		47.257857	10.057370	61.544999	17.327199	23.346847
1.296000		48.117683	10.146253	61.291663	16.995662	24.013905
1.310000		48.974110	10.236198	61.056908	16.654855	24.671187
1.324000		49.827296	10.326045	60.826396	16.304913	25.319021
1.338000		50.677208	10.414693	60.587177	15.945966	25.957580
1.352000		51.523643	10.501128	60.327940	15.578144	26.586908
1.366000		52.366252	10.584445	60.039186	15.201576	27.206938
1.380000		53.204567	10.663867	59.713331	14.816393	27.817517
1.394000		54.038026	10.738753	59.344729	14.422730	28.418433
1.408000		54.866002	10.808602	58.929631	14.020724	29.009431
1.422000		55.687829	10.873056	58.466090	13.610514	29.590236
1.436000		56.502825	10.931894	57.953808	13.192246	30.160570
1.450000		57.310314	10.985025	57.393951	12.766068	30.720169
1.464000		58.109645	11.032475	56.788938	12.332132	31.268793
1.478000		58.900209	11.074374	56.142212	11.890594	31.806235
1.492000		59.681452	11.110944	55.458011	11.441611	32.332333
1.506000		60.452881	11.142481	54.741142	10.985342	32.846971
1.520000		61.214075	11.169339	53.996772	10.521949	33.350083
1.534000		61.964687	11.191918	53.230231	10.051594	33.841651
1.548000		62.704443	11.210647	52.446853	9.574437	34.321710
1.562000		63.433145	11.225970	51.651826	9.090639	34.790336
1.576000		64.150663	11.238336	50.850076	8.600360	35.247654
1.590000		64.856937	11.248189	50.046182	8.103757	35.693824
1.604000		65.551966	11.255956	49.244306	7.600984	36.129041
1.618000		66.235804	11.262041	48.448149	7.092194	36.553529
1.632000		66.908556	11.266821	47.660927	6.577534	36.967538
1.646000		67.570365	11.270637	46.885358	6.057150	37.371333
1.660000		68.221410	11.273792	46.123673	5.531183	37.765197
1.674000		68.861900	11.276553	45.377628	4.999770	38.149421
1.688000		69.492063	11.279141	44.648528	4.463043	38.524301
1.702000		70.112142	11.281738	43.937257	3.921132	38.890136
1.716000		70.722392	11.284486	43.244316	3.374160	39.247221
1.730000		71.323070	11.287485	42.569856	2.822249	39.595850
1.744000		71.914433	11.290797	41.913720	2.265514	39.936307
1.758000		72.496737	11.294447	41.275483	1.704069	40.268867
1.772000		73.070228	11.298427	40.654490	1.138022	40.593796
1.786000		73.635140	11.302698	40.049893	0.567477	40.911345
